1e-05, 1e-05, rbf, 14.9605791612
1e-05, 1e-05, sigmoid, 14.9605801935
1e-05, 0.0001, rbf, 14.9605699273
1e-05, 0.0001, sigmoid, 14.9605801935
1e-05, 0.001, rbf, 14.9604786921
1e-05, 0.001, sigmoid, 14.9605801935
1e-05, 0.01, rbf, 14.9594993814
1e-05, 0.01, sigmoid, 14.9605801935
1e-05, 0.1, rbf, 14.949990614
1e-05, 0.1, sigmoid, 14.9605801935
1e-05, 1, rbf, 14.9367146227
1e-05, 1, sigmoid, 14.9605801935
1e-05, 10, rbf, 15.5296112095
1e-05, 10, sigmoid, 14.9605801935
1e-05, 100, rbf, 18.4883539901
1e-05, 100, sigmoid, 14.9605801935
1e-05, 1000, rbf, 22.7265471059
1e-05, 1000, sigmoid, 14.9605801935
1e-05, 10000, rbf, 22.9675599143
1e-05, 10000, sigmoid, 14.9605801935
0.0001, 1e-05, rbf, 14.9605750966
0.0001, 1e-05, sigmoid, 14.960576129
0.0001, 0.0001, rbf, 14.9605658051
0.0001, 0.0001, sigmoid, 14.960576129
0.0001, 0.001, rbf, 14.9604734663
0.0001, 0.001, sigmoid, 14.960576129
0.0001, 0.01, rbf, 14.9594953169
0.0001, 0.01, sigmoid, 14.960576129
0.0001, 0.1, rbf, 14.9499860393
0.0001, 0.1, sigmoid, 14.960576129
0.0001, 1, rbf, 14.9367200328
0.0001, 1, sigmoid, 14.960576129
0.0001, 10, rbf, 15.5296339343
0.0001, 10, sigmoid, 14.960576129
0.0001, 100, rbf, 18.4883853849
0.0001, 100, sigmoid, 14.960576129
0.0001, 1000, rbf, 22.7265914133
0.0001, 1000, sigmoid, 14.960576129
0.0001, 10000, rbf, 22.9676036373
0.0001, 10000, sigmoid, 14.960576129
0.001, 1e-05, rbf, 14.9605344515
0.001, 1e-05, sigmoid, 14.9605354839
0.001, 0.0001, rbf, 14.9605251599
0.001, 0.0001, sigmoid, 14.9605354839
0.001, 0.001, rbf, 14.9604322446
0.001, 0.001, sigmoid, 14.9605354839
0.001, 0.01, rbf, 14.9594546717
0.001, 0.01, sigmoid, 14.9605354839
0.001, 0.1, rbf, 14.949960033
0.001, 0.1, sigmoid, 14.9605354839
0.001, 1, rbf, 14.9367827273
0.001, 1, sigmoid, 14.9605354839
0.001, 10, rbf, 15.5298692595
0.001, 10, sigmoid, 14.9605354839
0.001, 100, rbf, 18.4887193748
0.001, 100, sigmoid, 14.9605354839
0.001, 1000, rbf, 22.7270353869
0.001, 1000, sigmoid, 14.9605354839
0.001, 10000, rbf, 22.9680394471
0.001, 10000, sigmoid, 14.9605354839
0.01, 1e-05, rbf, 14.9601279999
0.01, 1e-05, sigmoid, 14.9601290323
0.01, 0.0001, rbf, 14.9601187083
0.01, 0.0001, sigmoid, 14.9601290323
0.01, 0.001, rbf, 14.960025793
0.01, 0.001, sigmoid, 14.9601290323
0.01, 0.01, rbf, 14.9590482199
0.01, 0.01, sigmoid, 14.9601290323
0.01, 0.1, rbf, 14.9495958557
0.01, 0.1, sigmoid, 14.9601290323
0.01, 1, rbf, 14.9374192367
0.01, 1, sigmoid, 14.9601290323
0.01, 10, rbf, 15.5322600537
0.01, 10, sigmoid, 14.9601290323
0.01, 100, rbf, 18.4920252974
0.01, 100, sigmoid, 14.9601290323
0.01, 1000, rbf, 22.7315090081
0.01, 1000, sigmoid, 14.9601290323
0.01, 10000, rbf, 22.972476696
0.01, 10000, sigmoid, 14.9601290323
0.1, 1e-05, rbf, 14.9548055783
0.1, 1e-05, sigmoid, 14.9548064516
0.1, 0.0001, rbf, 14.9547977181
0.1, 0.0001, sigmoid, 14.9548064516
0.1, 0.001, rbf, 14.9547191167
0.1, 0.001, sigmoid, 14.9548064516
0.1, 0.01, rbf, 14.9538479522
0.1, 0.01, sigmoid, 14.9548064516
0.1, 0.1, rbf, 14.947053613
0.1, 0.1, sigmoid, 14.9548064516
0.1, 1, rbf, 14.9445800828
0.1, 1, sigmoid, 14.9548064516
0.1, 10, rbf, 15.5562205805
0.1, 10, sigmoid, 14.9548064516
0.1, 100, rbf, 18.5250877036
0.1, 100, sigmoid, 14.9548064516
0.1, 1000, rbf, 22.7763058687
0.1, 1000, sigmoid, 14.9548064516
0.1, 10000, rbf, 23.0169996096
0.1, 10000, sigmoid, 14.9548064516
1, 1e-05, rbf, 14.9938715954
1, 1e-05, sigmoid, 14.9938709677
1, 0.0001, rbf, 14.993876791
1, 0.0001, sigmoid, 14.9938709677
1, 0.001, rbf, 14.9939070808
1, 0.001, sigmoid, 14.9938709677
1, 0.01, rbf, 14.9943199316
1, 0.01, sigmoid, 14.9938709677
1, 0.1, rbf, 14.9984171133
1, 0.1, sigmoid, 14.9938709677
1, 1, rbf, 15.0491652562
1, 1, sigmoid, 14.9938709677
1, 10, rbf, 15.8124609884
1, 10, sigmoid, 14.9938709677
1, 100, rbf, 18.8748471932
1, 100, sigmoid, 14.9938709677
1, 1000, rbf, 23.2332095487
1, 1000, sigmoid, 14.9938709677
1, 10000, rbf, 23.4719955044
1, 10000, sigmoid, 14.9938709677
10, 1e-05, rbf, 19.0011006603
10, 1e-05, sigmoid, 19.0010967742
10, 0.0001, rbf, 19.0011355186
10, 0.0001, sigmoid, 19.0010967742
10, 0.001, rbf, 19.0014114758
10, 0.001, sigmoid, 19.0010967742
10, 0.01, rbf, 19.0025265156
10, 0.01, sigmoid, 19.0010967742
10, 0.1, rbf, 19.0154345426
10, 0.1, sigmoid, 19.0010967742
10, 1, rbf, 19.1478130817
10, 1, sigmoid, 19.0010967742
10, 10, rbf, 20.2068538951
10, 10, sigmoid, 19.0010967742
10, 100, rbf, 23.554519624
10, 100, sigmoid, 19.0010967742
10, 1000, rbf, 28.3609396698
10, 1000, sigmoid, 19.0010967742
10, 10000, rbf, 28.5709206427
10, 10000, sigmoid, 19.0010967742
100, 1e-05, rbf, 97.7124563596
100, 1e-05, sigmoid, 97.7124516129
100, 0.0001, rbf, 97.7124990796
100, 0.0001, sigmoid, 97.7124516129
100, 0.001, rbf, 97.7129262795
100, 0.001, sigmoid, 97.7124516129
100, 0.01, rbf, 97.7130133486
100, 0.01, sigmoid, 97.7124516129
100, 0.1, rbf, 97.7143135578
100, 0.1, sigmoid, 97.7124516129
100, 1, rbf, 97.7305094455
100, 1, sigmoid, 97.7124516129
100, 10, rbf, 97.8396883058
100, 10, sigmoid, 97.7124516129
100, 100, rbf, 98.8571674591
100, 100, sigmoid, 97.7124516129
100, 1000, rbf, 104.232996813
100, 1000, sigmoid, 97.7124516129
100, 10000, rbf, 104.232996813
100, 10000, sigmoid, 97.7124516129
1000, 1e-05, rbf, 501.942129032
1000, 1e-05, sigmoid, 501.942129032
1000, 0.0001, rbf, 501.942129032
1000, 0.0001, sigmoid, 501.942129032
1000, 0.001, rbf, 501.942129032
1000, 0.001, sigmoid, 501.942129032
1000, 0.01, rbf, 501.942129032
1000, 0.01, sigmoid, 501.942129032
1000, 0.1, rbf, 501.942129032
1000, 0.1, sigmoid, 501.942129032
1000, 1, rbf, 501.942129032
1000, 1, sigmoid, 501.942129032
1000, 10, rbf, 501.942129032
1000, 10, sigmoid, 501.942129032
1000, 100, rbf, 501.942129032
1000, 100, sigmoid, 501.942129032
1000, 1000, rbf, 501.942129032
1000, 1000, sigmoid, 501.942129032
1000, 10000, rbf, 501.942129032
1000, 10000, sigmoid, 501.942129032
10000, 1e-05, rbf, 501.942129032
10000, 1e-05, sigmoid, 501.942129032
10000, 0.0001, rbf, 501.942129032
10000, 0.0001, sigmoid, 501.942129032
10000, 0.001, rbf, 501.942129032
10000, 0.001, sigmoid, 501.942129032
10000, 0.01, rbf, 501.942129032
10000, 0.01, sigmoid, 501.942129032
10000, 0.1, rbf, 501.942129032
10000, 0.1, sigmoid, 501.942129032
10000, 1, rbf, 501.942129032
10000, 1, sigmoid, 501.942129032
10000, 10, rbf, 501.942129032
10000, 10, sigmoid, 501.942129032
10000, 100, rbf, 501.942129032
10000, 100, sigmoid, 501.942129032
10000, 1000, rbf, 501.942129032
10000, 1000, sigmoid, 501.942129032
10000, 10000, rbf, 501.942129032
10000, 10000, sigmoid, 501.942129032
